[a]
y=611.69964599609
z=-54.851573944092
x=264.99139404297

[铁匠]
y=596.41247558594
z=-56.335968017578
x=233.29231262207

[老婆婆]
y=602.73962402344
z=-55.316520690918
x=252.09642028809


